81
1 4 36
1 3 301
0 4 305
0 3 405
1 4 515
1 3 597
0 4 600
0 3 607
1 2 619
0 2 629
1 3 1112
1 1 1289
0 1 1304
0 3 1463
1 4 1480
1 1 1533
0 1 1556
1 1 1807
0 1 1846
0 4 1897
1 3 2050
0 3 2086
1 3 2292
1 1 2316
0 1 2362
0 3 2491
1 4 2502
1 1 2587
0 1 2627
0 4 2771
1 4 2998
1 1 3060
0 1 3086
0 4 3094
1 3 3138
1 1 3164
0 1 3210
0 3 3212
1 3 3274
1 1 3288
0 1 3316
0 3 3339
1 4 3353
0 4 3429
1 1 3481
1 4 3482
0 1 3498
0 4 3536
1 3 3568
0 3 3603
1 3 3621
0 3 3641
1 3 3655
0 3 3682
1 3 3739
0 3 3756
1 3 3767
0 3 3783
1 3 3793
0 3 3807
1 3 3819
0 3 3833
1 3 3847
0 3 3861
1 3 3873
0 3 3885
1 3 3935
0 3 3953
1 3 3989
0 3 4003
1 3 4033
0 3 4123
1 4 4149
0 4 4217
1 4 4263
0 4 4281
1 4 4307
0 4 4330
1 4 4367
1 1 4405
0 1 4432
